460,215
460,215
460,215
461,215
460,215
460,215
461,215
460,215
461,215
460,215
461,214
460,216
457,218
451,224
438,237
418,250
393,265
361,275
325,279
290,276
257,267
232,253
213,240
199,230
192,224
192,223
194,226
202,234
218,248
238,261
269,274
305,281
339,280
371,273
399,263
420,250
437,236
444,230
448,225
446,227
439,234
425,246
404,258
377,270
346,277
313,279
281,275
252,266
230,255
212,246
202,238
196,233
197,234
204,240
217,251
238,263
262,273
293,279
326,280
358,275
384,268
407,256
421,247
434,238
439,233
439,233
433,238
422,247
404,257
383,266
355,274
323,279
293,279
266,272
242,264
225,254
212,247
206,242
206,242
211,245
221,252
239,263
261,271
289,279
318,280
347,279
372,271
395,264
410,254
423,247
428,241
428,241
423,245
414,251
399,259
379,268
354,276
327,278
298,279
272,274
250,266
232,259
221,253
215,248
214,247
218,249
227,255
242,263
262,270
287,276
313,279
339,278
365,273
384,266
401,259
411,253
417,249
417,249
413,251
405,256
391,264
371,271
349,277
324,279
298,278
275,273
255,268
240,262
229,256
223,254
222,254
227,255
236,260
250,266
268,273
291,278
315,279
339,278
361,274
380,267
395,263
404,257
409,253
410,253
405,255
396,260
383,266
365,273
343,277
320,280
297,279
276,275
258,269
244,264
235,259
230,257
229,256
235,260
245,264
258,270
277,275
299,278
321,279
342,278
362,273
380,268
392,262
400,258
404,257
403,257
398,259
389,264
375,269
358,275
337,278
316,280
295,278
275,275
260,270
248,266
240,262
237,260
238,262
245,264
254,269
270,273
288,279
308,279
329,279
348,277
366,272
380,268
391,264
398,261
399,260
397,261
390,263
380,268
366,273
348,277
329,280
309,280
290,278
274,274
260,270
250,266
245,264
243,264
246,265
254,268
265,272
280,275
298,277
317,278
336,278
354,275
368,271
380,267
388,265
394,263
393,263
389,265
382,269
369,273
356,277
337,278
319,279
300,279
284,278
270,273
259,270
252,267
249,266
250,266
255,268
264,271
276,274
290,278
308,278
325,279
342,278
358,275
371,272
379,268
386,267
387,266
386,266
379,269
371,272
358,275
343,278
327,280
309,280
293,278
280,275
267,273
259,270
255,268
255,268
257,269
264,270
275,272
287,277
302,278
318,279
335,279
349,276
363,274
372,271
379,269
383,269
382,268
378,270
371,273
360,275
347,278
332,280
317,280
301,279
287,277
274,275
266,272
261,271
259,269
260,269
266,270
275,273
286,276
299,278
314,279
329,279
343,277
356,275
367,274
374,272
378,271
379,270
376,271
370,273
361,275
349,278
336,279
321,280
307,279
293,278
281,277
273,273
266,272
264,270
265,271
269,271
276,274
286,275
299,277
312,279
325,278
339,278
352,276
361,275
368,273
374,272
374,271
373,272
367,273
360,276
350,278
337,279
325,279
310,279
297,279
286,277
279,274
272,273
269,272
268,272
271,273
278,273
285,277
298,277
310,278
322,279
335,278
347,277
356,275
364,274
369,274
370,272
369,272
365,273
358,275
349,277
337,279
325,280
312,279
301,279
289,278
282,274
275,273
272,273
272,273
274,274
280,274
288,276
297,277
309,278
320,279
332,278
344,278
352,276
360,275
365,274
366,274
366,274
362,274
356,276
347,277
337,278
326,280
314,280
302,279
292,278
285,275
279,275
276,274
275,273
277,274
283,274
289,276
299,277
309,278
320,278
331,278
341,278
350,276
357,275
362,275
363,274
363,275
359,275
353,277
346,277
336,278
325,280
315,280
304,279
296,278
288,276
282,276
279,274
279,274
281,274
285,274
292,276
300,277
310,278
320,278
330,278
340,278
348,277
355,277
359,275
360,275
360,275
357,276
351,277
344,278
336,279
325,280
315,280
306,279
297,278
290,276
284,276
282,274
282,274
283,275
288,275
294,276
301,277
310,278
321,278
329,278
339,278
346,278
353,276
356,275
358,275
357,276
353,276
349,277
342,278
334,279
324,279
314,279
306,279
297,278
291,277
286,276
284,275
284,274
285,275
290,274
296,276
303,277
312,278
321,279
329,278
338,278
345,277
351,277
354,276
355,276
355,276
352,277
346,278
340,278
333,279
323,280
314,279
306,279
299,278
292,277
288,276
286,275
286,275
288,275
293,275
299,276
305,277
314,278
321,278
330,279
338,278
345,278
350,277
352,276
353,277
353,277
349,277
344,278
338,279
330,279
322,279
314,279
306,279
298,278
292,277
289,277
288,275
288,275
290,276
296,275
301,276
307,277
315,278
323,279
331,278
338,278
345,278
349,277
351,278
351,276
351,277
346,277
342,279
336,279
329,279
320,279
312,279
305,278
299,278
293,277
291,276
290,275
290,275
292,276
298,276
302,276
309,277
316,278
324,278
332,278
339,278
344,278
348,277
349,277
350,277
349,278
345,278
340,278
334,279
327,279
319,279
312,279
305,278
298,277
293,277
292,276
291,275
291,275
294,276
299,276
305,276
311,278
318,278
326,278
332,278
338,278
343,278
347,277
348,277
348,277
346,278
342,278
338,279
332,279
325,279
318,279
311,279
304,278
298,278
294,277
293,276
293,276
293,276
297,275
302,276
307,277
313,277
320,278
327,278
333,278
338,278
343,278
345,277
346,278
347,278
345,278
341,278
335,279
330,279
323,279
317,279
310,279
303,278
299,279
296,277
295,276
294,276
295,276
299,275
304,276
308,276
314,277
321,278
328,278
334,278
339,278
342,278
344,277
345,278
345,278
342,278
339,278
334,279
328,279
321,279
315,279
309,278
303,278
300,277
297,276
296,276
296,276
297,276
301,276
306,276
311,277
316,278
322,278
328,278
334,278
339,278
342,277
344,277
344,277
344,277
340,278
336,278
331,279
326,279
320,279
314,279
308,278
303,278
299,276
298,275
297,276
297,276
299,276
303,276
308,276
313,277
318,278
325,278
330,278
335,278
339,278
341,277
342,277
343,278
342,278
338,279
334,278
329,278
324,278
318,278
312,278
307,278
303,278
301,277
297,276
297,276
298,276
302,276
304,277
310,276
314,277
319,277
325,278
331,278
335,278
339,277
340,277
341,277
341,278
340,278
336,278
331,279
327,279
321,279
316,279
311,278
306,278
304,277
301,276
300,276
299,276
300,276
303,277
307,276
311,277
316,277
321,277
326,278
332,278
335,278
338,278
340,278
341,278
340,278
338,278
334,278
330,278
325,280
320,279
315,278
310,278
306,278
304,277
301,276
300,276
300,275
302,276
305,276
308,276
313,277
318,277
323,278
328,277
332,277
335,278
337,278
338,278
339,278
338,278
336,279
332,278
328,278
323,279
318,279
314,279
309,278
306,277
304,276
302,276
301,276
301,276
303,276
308,276
310,277
315,277
319,277
324,277
328,278
333,278
335,278
336,278
338,278
338,278
336,278
333,279
330,278
325,278
321,278
317,279
312,278
309,277
306,277
304,276
303,276
303,275
303,276
306,276
309,277
313,276
317,277
321,277
326,278
329,277
332,278
335,277
336,277
336,278
336,278
335,278
332,279
327,278
325,279
319,278
316,279
311,278
308,278
306,277
305,276
304,276
304,276
305,276
308,276
310,276
315,277
318,276
323,277
326,277
329,277
333,278
334,278
336,278
336,278
335,278
333,279
329,278
326,278
322,278
319,279
314,278
311,278
308,277
307,277
305,276
305,276
305,276
306,276
309,276
313,277
316,276
320,276
324,276
327,277
330,277
332,278
334,277
334,277
334,278
334,278
331,278
327,279
325,278
320,279
317,278
313,278
310,277
308,277
306,276
306,276
306,276
307,276
309,276
311,276
314,277
318,276
322,277
324,277
328,276
330,277
332,277
333,277
334,278
333,278
331,278
329,278
326,278
322,278
319,278
315,278
313,278
310,278
308,277
307,276
306,276
307,276
308,276
310,276
313,276
316,276
319,277
323,277
325,277
329,277
330,278
332,277
333,278
333,278
332,278
330,278
327,278
324,278
321,278
317,278
315,277
312,277
310,277
308,277
308,276
307,276
308,276
310,276
311,276
315,277
318,276
320,276
324,277
326,277
328,277
330,277
331,278
332,278
331,278
331,278
327,278
326,278
322,278
319,278
316,278
313,278
312,277
310,277
308,276
308,276
308,276
309,276
311,276
313,276
316,276
319,277
322,277
324,277
327,277
328,277
330,277
330,278
330,278
330,278
328,278
325,278
323,278
321,278
318,278
315,277
313,277
311,277
310,276
309,276
309,276
309,276
310,276
312,276
315,277
317,276
321,277
322,277
326,276
327,276
328,277
330,277
330,278
330,278
329,278
327,278
324,278
321,278
320,278
316,278
316,279
311,277
311,277
309,276
309,276
310,276
310,276
312,276
313,276
316,276
319,277
321,276
324,277
326,277
328,278
329,278
329,278
329,278
329,278
327,278
326,278
322,278
320,278
318,278
316,277
314,278
312,277
311,276
310,276
310,276
311,276
312,276
313,276
315,277
317,276
320,277
322,276
324,277
326,277
327,278
328,278
329,278
328,278
328,278
325,278
323,278
323,279
318,277
317,277
314,277
312,277
311,277
311,276
311,276
311,276
312,276
313,276
315,276
316,276
319,277
321,276
323,277
325,277
327,278
327,277
328,278
328,278
327,278
326,278
324,278
324,278
319,277
319,277
315,276
314,278
313,277
312,276
311,276
312,276
312,276
312,276
314,276
316,277
318,276
320,277
322,277
324,277
325,277
326,277
327,277
327,278
327,278
326,279
325,278
322,278
321,278
319,277
317,278
315,277
314,277
312,277
311,277
312,276
312,276
313,276
314,276
315,276
317,276
319,276
321,277
323,276
324,277
325,277
326,278
327,278
326,277
326,278
325,278
323,278
322,279
318,277
317,278
316,277
315,277
313,277
312,277
312,276
312,276
313,276
314,277
315,276
317,276
319,277
320,276
322,277
323,277
324,276
325,278
326,277
326,278
326,277
324,277
323,278
322,278
320,277
319,278
315,277
315,277
315,278
312,276
313,277
313,276
313,276
314,276
316,277
316,275
318,276
320,276
321,277
323,276
324,277
325,277
325,277
325,278
325,277
324,278
324,278
322,277
321,278
318,277
317,277
316,278
315,277
314,277
314,277
313,276
313,276
314,276
315,277
316,275
317,276
320,277
321,276
322,277
323,277
324,278
325,278
325,277
325,278
324,277
324,278
322,277
321,278
319,277
319,278
315,277
315,277
314,276
314,277
314,277
314,276
314,276
315,276
316,277
317,276
319,276
320,276
321,276
323,277
323,277
324,277
324,277
325,277
324,278
324,277
322,278
321,278
320,277
319,277
316,276
316,277
315,277
315,277
314,276
314,277
315,276
315,276
316,276
317,276
318,276
320,277
321,276
322,277
323,277
324,277
324,277
324,277
324,278
323,277
323,278
319,276
319,277
318,277
318,277
317,278
314,276
315,277
315,276
314,277
315,276
316,277
315,275
317,276
318,276
319,276
320,276
322,277
322,276
323,277
324,277
323,277
324,277
323,278
322,277
322,278
320,277
319,278
318,277
318,278
315,276
315,276
315,277
315,277
315,276
315,276
316,276
317,276
318,276
319,277
320,276
321,276
322,277
323,276
323,277
323,277
323,277
323,277
322,278
323,278
320,277
319,277
318,277
318,278
316,276
316,277
315,277
315,276
316,277
315,275
316,276
317,276
318,277
319,276
320,276
320,276
322,276
322,277
323,277
323,276
323,278
323,277
322,277
321,277
321,277
319,277
319,278
317,277
316,276
317,277
315,276
315,276
316,277
316,276
316,277
317,276
318,276
319,276
320,276
320,276
321,277
322,276
322,277
323,276
323,277
322,277
322,278
322,277
320,277
319,276
319,277
318,277
317,277
316,277
317,277
314,276
315,276
316,277
317,276
317,276
318,276
318,276
319,276
320,276
321,276
322,277
322,276
322,277
323,278
321,276
321,277
321,277
322,278
319,276
319,278
318,276
317,277
316,276
318,278
315,276
316,277
317,277
316,276
317,276
317,276
319,276
319,276
320,276
321,277
321,276
322,276
322,277
322,277
322,276
322,277
321,277
321,278
319,277
319,277
318,277
318,278
316,276
317,276
316,276
318,277
316,275
317,276
317,276
318,277
318,276
319,276
320,276
321,276
321,276
322,276
322,277
322,276
322,277
321,277
321,277
321,277
319,276
318,277
319,277
317,276
317,277
317,277
316,276
317,277
317,276
317,277
317,276
318,276
319,276
319,276
320,276
320,276
321,276
322,277
321,276
322,277
322,276
321,277
321,277
321,277
318,276
318,277
319,276
318,277
318,277
317,277
317,277
317,276
317,277
317,276
318,276
318,277
319,276
319,276
320,276
320,276
321,276
321,277
321,276
321,276
321,277
321,276
321,277
320,277
320,277
319,277
319,277
318,277
318,277
317,276
317,276
317,277
317,276
317,277
317,276
318,276
319,277
319,276
320,276
321,277
320,275
321,276
321,276
321,277
322,277
320,276
320,277
321,277
319,276
319,277
319,277
318,277
318,277
318,277
317,276
317,277
318,276
317,276
318,277
318,276
318,276
319,276
320,276
321,277
320,276
320,276
321,276
321,276
321,277
321,276
321,277
320,277
320,276
319,277
319,277
319,277
317,276
318,277
317,276
317,277
317,277
318,276
318,277
318,276
319,276
319,276
320,276
320,276
321,276
320,276
320,276
321,276
321,276
321,277
320,276
320,277
320,276
319,277
319,277
318,276
318,277
318,277
318,276
318,277
318,277
318,276
319,277
318,275
319,276
320,276
320,276
320,276
321,276
320,276
320,276
321,276
321,276
321,276
320,277
320,276
320,277
320,277
318,276
319,277
318,277
318,276
318,277
319,277
317,275
318,276
318,277
319,276
319,276
320,276
320,276
320,276
321,276
320,276
321,276
321,275
320,276
321,276
320,276
320,277
320,276
319,277
319,276
319,277
318,277
318,277
319,277
317,276
318,277
318,276
319,276
319,276
319,276
320,276
320,276
320,276
321,276
320,276
321,276
320,276
320,276
321,276
320,276
320,276
320,277
319,276
319,277
319,276
318,277
319,276
318,276
318,277
319,276
318,277
319,276
319,276
319,276
320,276
320,276
321,276
320,275
320,274
320,275
321,276
321,276
320,276
320,276
320,276
321,277
319,275
318,276
318,276
319,277
318,276
319,277
318,276
319,277
318,276
319,276
319,276
320,276
320,276
320,276
320,276
321,276
320,276
321,276
320,276
320,276
320,276
320,276
319,276
321,277
318,275
318,276
318,277
318,276
318,276
319,277
318,276
319,277
319,276
319,276
319,277
319,276
320,276
320,276
321,277
319,275
320,276
320,276
320,276
321,276
319,275
320,276
320,276
319,276
319,276
319,277
319,276
319,276
318,276
319,277
318,276
318,276
319,277
319,276
319,276
319,277
320,276
320,276
322,276
320,275
320,275
320,275
322,277
319,275
320,275
320,275
319,276
320,277
318,275
319,276
319,276
318,276
318,276
319,277
319,276
318,276
319,276
319,276
319,276
320,276
320,275
321,276
320,275
320,276
322,276
320,275
321,276
319,275
320,275
320,276
321,276
319,275
319,276
319,276
319,276
318,276
318,276
319,276
319,276
319,276
319,276
319,276
319,277
320,276
320,276
321,276
320,275
320,276
321,275
321,276
320,275
320,275
320,275
320,276
320,276
318,275
319,275
319,275
318,275
318,276
319,276
319,276
319,276
319,276
320,277
319,276
320,276
320,276
321,277
319,275
320,276
321,276
320,275
320,275
322,276
319,275
319,275
320,277
318,275
319,276
319,276
319,275
319,275
319,276
318,276
319,276
319,276
319,276
320,276
319,276
319,276
320,276
320,276
321,276
320,275
320,276
322,276
320,274
321,276
319,275
320,275
320,276
319,275
319,275
319,276
319,276
319,276
319,276
319,276
319,276
319,276
319,276
320,276
319,276
319,276
320,276
320,276
321,276
321,275
321,276
320,275
320,276
321,276
319,274
320,275
321,276
319,275
319,276
319,275
319,275
318,276
318,276
319,276
319,276
319,276
320,276
319,276
320,276
320,276
320,275
320,276
321,275
321,275
321,276
321,276
320,275
320,275
320,276
320,275
321,276
319,275
319,275
319,276
319,276
319,275
319,275
319,276
319,276
319,276
319,276
320,276
320,276
320,276
320,276
320,276
321,276
321,276
321,276
321,275
320,276
321,276
319,275
320,275
320,275
319,275
320,276
318,275
319,276
318,275
318,275
318,276
319,276
319,276
319,276
320,276
320,276
320,276
321,276
320,276
321,276
321,275
321,276
321,275
320,275
322,276
319,275
320,276
319,274
319,275
319,275
319,276
319,275
319,276
319,276
319,276
319,275
319,275
319,275
319,275
320,275
320,276
321,276
321,276
321,275
320,275
320,276
321,276
321,276
320,275
320,275
321,276
320,276
319,274
319,275
319,276
319,275
319,276
318,275
318,276
319,276
319,275
319,275
320,275
320,275
320,275
321,276
321,276
321,276
321,275
321,276
321,275
321,276
321,276
319,275
320,275
320,276
319,274
319,275
319,275
319,275
318,276
318,275
318,276
319,275
319,275
320,275
320,276
320,276
321,276
321,276
321,275
321,275
321,276
321,275
321,276
321,275
320,275
321,276
319,274
319,276
320,276
318,274
318,275
318,275
318,275
318,276
319,275
319,276
319,276
320,276
320,276
320,275
321,276
321,276
321,276
321,275
322,276
321,275
322,276
321,276
321,276
319,275
320,275
320,276
319,274
319,275
319,275
319,275
319,275
318,275
319,275
319,275
319,276
320,276
320,276
321,276
320,275
320,275
321,276
321,275
321,275
321,275
321,275
321,275
321,276
319,275
320,276
320,276
319,274
319,275
319,275
319,275
319,275
319,275
319,275
319,275
319,275
319,275
320,276
320,276
321,275
321,276
321,275
321,276
322,276
321,275
322,277
321,276
321,276
320,275
320,275
321,276
319,274
319,275
319,275
319,275
318,275
318,275
319,275
319,275
319,276
320,275
320,275
321,276
321,275
321,275
321,275
322,276
321,275
321,275
321,275
321,275
321,276
319,275
320,275
320,276
318,274
319,274
318,275
318,275
318,275
319,275
319,275
320,276
319,275
320,275
320,276
321,276
321,275
321,275
322,276
320,274
321,275
321,275
321,275
321,275
322,276
319,274
319,275
319,275
320,276
318,274
319,275
319,275
319,275
319,275
319,275
319,275
320,275
320,275
320,275
321,276
321,275
321,275
322,276
321,275
321,275
323,276
321,275
321,275
320,275
321,276
319,274
320,276
319,274
319,275
319,275
319,275
319,275
319,275
319,275
319,275
320,275
320,275
320,275
321,276
321,275
322,276
321,274
321,275
322,276
320,275
321,275
321,275
320,275
321,276
319,274
320,275
319,274
319,275
319,275
319,275
318,275
319,275
319,275
319,275
320,276
320,275
320,276
321,275
322,276
320,274
321,275
322,276
321,275
321,275
321,275
321,275
322,276
320,275
320,275
320,275
318,274
319,275
319,275
319,275
318,275
319,275
319,275
319,275
320,275
320,276
321,276
320,275
321,275
321,275
323,276
321,275
322,275
321,275
322,276
320,274
321,276
320,275
320,275
321,275
319,274
319,274
319,274
319,275
319,275
319,275
319,275
320,276
319,275
320,275
321,276
320,275
321,275
321,275
323,276
321,275
322,275
321,275
322,276
321,274
321,275
320,275
320,275
321,276
319,274
319,275
319,275
319,275
319,275
319,275
319,275
320,276
319,274
320,275
320,275
321,276
322,276
320,274
321,275
322,276
321,275
322,276
320,274
321,274
320,275
321,275
319,274
321,275
319,274
319,274
319,274
319,275
319,275
319,275
319,275
320,275
319,274
320,275
321,276
320,275
321,275
322,276
321,274
322,275
321,274
321,275
323,276
321,274
320,275
322,276
320,274
320,275
319,274
319,275
319,274
319,274
319,275
319,275
319,274
321,275
319,274
321,275
320,274
320,275
321,275
321,275
322,275
322,276
321,274
321,274
322,275
321,274
321,275
321,276
319,274
321,276
319,274
319,274
320,275
318,274
319,274
319,274
320,275
319,274
319,274
320,275
320,275
322,275
321,275
323,276
322,275
321,274
322,276
321,274
321,274
321,274
322,275
320,274
320,274
321,275
320,274
319,274
318,274
319,274
319,275
319,274
320,275
319,274
321,275
320,274
320,275
321,275
322,275
321,274
322,275
321,274
322,275
321,274
321,274
321,274
322,275
320,274
320,274
321,275
320,275
319,273
319,274
319,274
319,275
319,274
321,275
319,274
320,274
320,275
322,275
321,274
321,274
323,276
321,274
322,275
321,274
322,275
321,273
321,274
322,275
320,274
320,274
321,275
320,275
318,274
319,274
319,274
319,275
319,274
320,275
319,274
320,274
320,274
321,274
321,275
321,275
322,275
321,274
321,274
323,275
321,273
322,275
320,274
320,274
322,276
320,274
320,274
320,275
319,273
319,274
319,274
319,274
320,275
319,273
319,274
320,275
320,274
321,276
320,274
320,273
321,274
322,275
321,274
321,274
321,275
322,275
320,273
320,274
322,275
319,274
320,274
320,275
318,273
319,274
319,274
320,275
318,274
319,274
320,274
320,275
320,274
322,275
320,274
321,274
321,275
323,275
321,274
322,274
322,275
320,274
321,274
321,275
319,273
320,274
320,274
321,275
319,273
319,274
320,275
319,273
319,274
320,275
319,274
320,274
321,274
321,275
320,274
321,274
322,275
321,274
321,274
323,275
321,274
321,274
322,275
320,275
320,275
321,276
319,274
320,274
320,275
318,274
319,274
319,274
320,275
319,273
319,274
320,274
320,274
321,274
321,274
321,274
322,275
321,273
321,274
322,274
322,275
321,274
321,274
321,275
320,273
320,274
320,274
320,274
320,274
320,275
319,273
319,274
320,274
320,274
320,275
319,273
321,274
320,275
322,275
320,273
321,274
321,274
322,275
321,274
321,274
321,275
321,274
321,274
321,275
319,273
320,274
320,274
320,274
319,274
319,274
320,274
319,274
319,274
320,274
320,274
320,274
320,275
321,274
322,275
321,273
321,274
323,275
321,274
322,274
321,274
322,275
321,274
320,273
320,274
320,274
320,275
319,273
319,274
319,274
320,274
320,274
320,274
321,275
320,273
320,274
321,274
321,274
321,274
322,274
322,275
321,273
321,274
322,274
322,275
320,274
321,274
322,275
320,273
320,274
320,274
320,274
320,274
320,274
320,274
320,274
320,274
320,274
320,274
320,274
321,274
321,274
321,274
322,274
322,275
321,274
321,274
321,274
322,275
321,274
321,274
320,275
322,275
320,274
319,273
320,274
320,274
320,274
320,274
320,274
320,274
320,274
320,274
320,274
321,274
321,274
321,274
323,275
321,273
321,274
321,274
323,275
321,273
321,274
321,274
320,274
320,275
320,274
321,275
319,273
320,274
320,274
320,274
320,274
320,274
320,274
320,274
320,275
321,274
321,274
322,274
321,275
322,274
322,275
321,273
321,274
321,274
321,274
321,274
321,274
320,274
320,274
321,274
320,275
320,274
320,274
320,274
320,274
320,274
321,274
320,275
321,274
321,274
321,274
321,274
322,275
321,273
321,274
322,274
321,274
323,275
321,274
321,274
320,274
322,275
320,273
320,274
320,274
321,274
319,275
320,274
320,274
321,275
319,273
320,274
320,274
320,274
321,274
322,275
321,273
321,274
322,274
321,274
321,274
322,275
321,274
321,273
320,274
320,274
320,274
321,275
319,275
320,274
320,274
320,274
321,275
320,275
321,275
320,274
321,274
321,274
321,274
321,274
322,274
321,275
322,274
322,275
320,273
321,274
321,274
321,275
321,274
320,274
321,274
320,275
320,274
320,274
321,275
319,275
320,274
320,274
321,274
320,275
321,274
321,274
321,274
321,274
322,274
321,275
322,274
322,275
321,274
322,274
321,275
321,274
321,274
320,274
321,274
320,274
320,274
321,274
319,275
320,274
320,274
321,274
320,275
320,274
321,275
321,274
321,274
321,274
321,274
321,274
322,274
321,275
322,274
321,275
321,274
321,274
321,274
320,275
321,274
320,275
321,274
320,275
320,274
321,274
320,274
320,274
321,274
320,274
321,274
321,274
321,274
321,274
322,274
321,275
322,274
321,275
322,274
321,275
321,274
321,274
321,274
320,274
320,274
